90
78
56
56
04
 
01
27
06
72
90
08
06
07
89
73
67
00
37
84
 
85
27
72
09
72
04
60
03
24
10
84
60
67
69
91
79
04
10
79
90
44
61
79
94
63
75
67
80
e
79
57
20
44
69
94
60
77
89
90
17
29
 
47
80
90
49
47
80
60
09
92
e
67
89
97
20
44
69
 
40
44
13
e
89
92
73
77
21
79
04
13
e
89
90
90
40
45
69
91
79
04
10
79
90
74
60
10
17
80
66
39
93
84
15
65
62
e
87
80
60
79
90
92
73
79
90
43
37
83
79
92
75
65
69
90
50
40
49
47
83
79
 
40
40
40
60
79
92
73
79
49
93
24
13
79
49
93
32
71
79
00
79
90
40
69
92
45
60
40
93
40
79
90
43
29
94
13
71
77
80
67
80
71
79
92
47
89
04
13
79
49
91
79
07
89
09
40
40
40
60
e
09
 
00
40
57
83
87
81
06
67
 
17
90
78
72
 
09
27
37
37
04
17
 
04
33
78
37
 
27
37
72
 
17
06
27
33
94
04
04
06
07
67
 
13
27
83
e
97
89
90
82
71
77
80
76
79
90
40
69
94
10
60
43
79
 
40
40
40
60
e
09
93
84
15
65
62
e
87
81
06
07
 
09
27
37
 
09
56
41
01
24
 
56
27
94
94
78
06
07
67
 
24
46
17
 
94
04
 
37
04
17
 
06
78
10
90
40
83
74
11
07
89
91
79
07
80
19
92
e
79
93
32
71
79
00
79
92
73
79
49
 
40
49
93
e
41
79
 
47
85
64
12
47
80
62
71
77
85
67
29
94
60
77
89
91
79
07
80
10
09
92
73
77
29
90
95
64
10
12
44
13
e
89
90
43
29
95
62
79
49
47
80
60
79
90
77
87
80
10
79
91
78
49
92
47
89
92
79
90
74
19
47
89
97
83
23
27
80
91
71
 
04
32
 
17
90
78
01
 
24
78
41
37
08
 
33
46
07
90
78
94
 
41
37
17
04
 
17
90
78
 
24
56
04
09
34
69
24
72
 
27
37
04
17
90
78
06
 
01
04
24
67
 
56
41
34
78
56
72
67
 
27
37
94
 
01
04
07
17
 
10
43
21
77
83
76
79
90
41
79
07
80
69
93
84
15
65
62
e
87
80
60
e
09
94
63
73
20
40
61
74
63
72
71
77
85
67
26
79
91
79
04
10
79
92
47
89
02
73
84
10
40
69
90
92
73
79
95
67
82
73
87
89
91
79
07
80
19
90
71
e
62
73
79
47
89
49
90
43
79
91
79
07
89
90
77
80
90
43
79
49
93
25
50
40
40
60
79
92
73
79
49
90
60
40
43
20
79
90
43
29
90
e
40
17
89
93
84
15
65
62
e
87
89
90
71
e
64
60
91
74
60
67
80
76
79
92
e
79
91
e
07
87
29
95
62
e
93
49
91
79
07
89
93
77
86
07
80
e
72
e
67
29
92
74
19
91
e
49
94
13
71
77
83
71
74
10
43
72
75
65
67
29
 
47
80
e
97
83
79
49
95
62
79
49
47
80
60
e
09
92
79
90
74
10
13
35
67
89
93
2M
11
89
93
20
40
69
91
79
07
80
77
89
90
74
11
74
62
71
74
10
43
e
79
94
10
79
93
20
40
69
91
79
07
89
93
35
62
77
27
80
69
91
78
49
90
12
73
74
62
75
65
67
29
93
34
60
79
09
91
79
07
89
93
84
15
65
62
e
87
80
69
92
42
e
93
49
91
e
40
52
e
69
49
91
79
07
89
95
62
79
49
47
80
69
 
00
45
67
89
92
73
79
49
91
79
07
83
79
94
13
e
71
72
75
65
69
92
79
90
50
48
49
47
83
79
91
e
62
73
39
40
40
40
69
92
71
79
91
79
07
39
91
e
43
36
79
92
73
21
77
80
69
91
79
07
89
93
84
15
65
62
e
87
80
69
94
10
79
90
67
81
74
60
63
71
78
94
 
17
04
 
17
90
78
 
08
06
04
46
37
94
 
56
78
38
78
56
00
 
04
37
78
 
05
27
72
 
17
04
 
13
30
67
83
87
83
71
79
92
79
93
84
15
65
62
e
87
80
69
93
20
60
40
13
90
95
64
10
12
44
13
e
89
95
62
75
49
47
80
60
79
94
10
79
91
e
49
92
40
67
82
73
49
91
79
07
89
93
21
10
60
71
79
95
62
79
49
47
80
69
91
79
44
60
 
04
13
e
89
91
79
87
88
74
60
13
34
63
79
49
91
79
04
60
79
90
67
82
14
64
10
64
13
e
89
97
09
33
56
27
72
78
06
 
17
04
 
87
46
01
33
 
17
04
 
17
90
78
 
56
27
94
94
78
06
 
17
04
 
09
56
41
01
24
00
