  55 70
  43 79
  38 80
  36 40
  29 60
  29 04
  25 71
  24 07
  23 67
  23 62
  22 72
  22 10
  21 83
  21 78
  20 73
  20 17
  18 74
  17 87
  17 47
  16 77
  16 43
  16 13
  15 27
  14 90
  14 41
  14 37
  12 56
  12 06
  11 65
  11 24
  10 94
  10 84
   9 64
   9 61
   9 49
   9 20
   9 09
   8 75
   8 44
   8 01
   7 82
   7 81
   7 63
   7 15
   7 00
   6 85
   6 33
   5 89
   5 12
   4 69
   4 46
   4 45
   4 34
   4 21
   4 11
   4 02
   3 93
   3 76
   3 50
   3 42
   3 32
   3 25
   3 08
   2 97
   2 95
   2 92
   2 91
   2 57
   2 35
   2 29
   2 23
   2 03
   1 88
   1 86
   1 66
   1 52
   1 48
   1 39
   1 38
   1 36
   1 31
   1 30
   1 2M
   1 26
   1 22
   1 19
   1 14
   1 05
